# The modifications of the output file from Kalibr:
# 1. For each matrix (e.g. cam0/T_cam_imu), remove the brackets and minus sign for each line. Use one pair of brackets for each matrix.
# 2. Add the T_imu_body at the end of the calibration file (usually set to identity).
cam0:
  T_cam_imu:
    [0.9999843287299385,   -0.005478630757815859,  -0.0011519112612077506,   0.03054711611563471,
    0.005484358124317657,   0.9999723145083096,   0.005029118497170481,  -0.00413955873629695,
     -0.0011243266866948014,   0.005035357178380238,   0.9999866904452217,  -0.01834723396348299,
                     0,                   0,                   0,   1.000000000000000]
  camera_model: pinhole
  distortion_coeffs: [-0.0008896466295987487, -0.0012615462403320857, 0.0002829675129299251, -0.0005270937411657776]
  distortion_model: radtan
  intrinsics: [431.08925445974427, 431.54927872108345, 428.276504578157, 244.2728659478192]
  resolution: [848, 480]
  timeshift_cam_imu: 0.0018025179173504398
cam1:
  T_cam_imu:
    [0.9999845613374694,   -0.00542702286936301,  -0.0011935281666402427,  -0.06542688830469917,
    0.005422245168513795,   0.9999774170996902,   -0.003970459414822917,  -0.0042469005951949095,
     0.0012150489873587603,   0.0039639265139048705,   0.9999914054343422,  -0.0184010804839215,
                     0,                   0,                   0,   1.000000000000000]
  T_cn_cnm1:
    [0.9999972481252313,   6.340322817666662e-05,   -0.0023451486084687225,  -0.09601668488730739, 
    -6.092045631030479e-05,   0.999999437678446,   0.001058740520690454,   -8.60582823686062e-05,
    0.002345214417307925,  -0.0010585947396457849,   0.9999966896677781,  -0.0001299289081025514, 
                     0,                   0,                   0,   1.000000000000000]
  camera_model: pinhole
  distortion_coeffs: [0.0005361570362855416,  -0.0023493109914677172, -4.918053563395456e-07, -0.00015669577645012608]
  distortion_model: radtan
  intrinsics: [430.6112976075728, 431.14638367412095, 429.95464955632127, 244.17729006445978]
  resolution: [848, 480]
  timeshift_cam_imu: 0.0018564998083764677
T_imu_body:
  [1.0000, 0.0000, 0.0000, 0.0000,
  0.0000, 1.0000, 0.0000, 0.0000,
  0.0000, 0.0000, 1.0000, 0.0000,
  0.0000, 0.0000, 0.0000, 1.0000]

