# The modifications of the output file from Kalibr:
# 1. For each matrix (e.g. cam0/T_cam_imu), remove the brackets and minus sign for each line. Use one pair of brackets for each matrix.
# 2. Add the T_imu_body at the end of the calibration file (usually set to identity).
cam0:
  T_cam_imu:
    [0.9999982142740227,   -0.0007467501191818966,  -0.001736033705302353,   0.030260315521634912,
    0.0007536613638496816,   0.9999917805734884,   0.003983814756426119,  -0.00362401920125296,
     0.0017330445219567304,   -0.003985116023954645,   0.9999905576589017,  -0.015537431533550432,
                     0,                   0,                   0,   1.000000000000000]
  camera_model: pinhole
  distortion_coeffs: [-0.0005070285519513207, -0.0017950201772098987, -0.0005134989761243666, 0.0005511499543661415]
  distortion_model: radtan
  intrinsics: [428.65421957439787, 428.66350929919116, 426.6064377837326, 238.14733699060187]
  resolution: [848, 480]
  timeshift_cam_imu: 0.0021415217905799166
cam1:
  T_cam_imu:
    [0.9999982505560139,   -0.0004286772991537949,  -0.001820747287544786,  -0.06489506582126128,
    0.00043488379860009946,   0.9999940922640902,   0.0034097379664939677,  -0.0037325311508500875,
     0.0018192748537883537,   -0.003410523814845086,   0.9999925292552514,  -0.015711421646465162,
                     0,                   0,                   0,   1.000000000000000]
  T_cn_cnm1:
    [0.9999999458266425,   0.00031773274977725925,   -8.598027656146588e-05,  -0.0951555641466676, 
    -0.00031778210559868064,   0.9999997844056777,   -0.0005746330373717218,   -0.00010782486560761783,
    8.579767828952961e-05,  0.0005746603292352476,   0.999999831202116,  -0.0001745064203489838, 
                     0,                   0,                   0,   1.000000000000000]
  camera_model: pinhole
  distortion_coeffs: [0.002374702025444606,  -0.0036507834329154113, 2.0838942254265128e-05, -0.00011359454525381393]
  distortion_model: radtan
  intrinsics: [428.2949181993135, 428.3721622894352, 426.98904091332736, 238.47466439263485]
  resolution: [848, 480]
  timeshift_cam_imu: 0.002172947745378451
T_imu_body:
  [1.0000, 0.0000, 0.0000, 0.0000,
  0.0000, 1.0000, 0.0000, 0.0000,
  0.0000, 0.0000, 1.0000, 0.0000,
  0.0000, 0.0000, 0.0000, 1.0000]

