cam0:
  cam_overlaps:
  - 1
  camera_model: pinhole
  distortion_coeffs:
  - -0.0005070285519513207
  - -0.0017950201772098987
  - -0.0005134989761243666
  - 0.0005511499543661415
  distortion_model: radtan
  intrinsics:
  - 428.65421957439787
  - 428.66350929919116
  - 426.6064377837326
  - 238.14733699060187
  resolution:
  - 848
  - 480
  rostopic: /camera/infra1/image_rect_raw
cam1:
  T_cn_cnm1:
  - - 0.999999945826641
    - 0.0003177327497772592
    - -8.59802765614659e-05
    - -0.0951555641466676
  - - -0.0003177821055986806
    - 0.9999997844056762
    - -0.0005746330373717218
    - -0.00010782486560761783
  - - 8.579767828952962e-05
    - 0.0005746603292352476
    - 0.9999998312021144
    - -0.0001745064203489838
  - - 0.0
    - 0.0
    - 0.0
    - 1.0
  cam_overlaps:
  - 0
  camera_model: pinhole
  distortion_coeffs:
  - 0.002374702025444606
  - -0.0036507834329154113
  - 2.0838942254265128e-05
  - -0.00011359454525381393
  distortion_model: radtan
  intrinsics:
  - 428.2949181993135
  - 428.3721622894352
  - 426.98904091332736
  - 238.47466439263485
  resolution:
  - 848
  - 480
  rostopic: /camera/infra2/image_rect_raw
